33.39
-35.31
-43.73
-22.42
-31.29
38.94
40.22
-43.52
-45.14
-33.43
-38.95
37.41
15.31
-31.41
-1.6
19.93
4.77
-49.87
-11.93
4.07
-11.29
10.8
20.82
-42.62
-8.33
39.22
-26.6
22.52
-7.31
-14.71
17.99
-27.4
38.59
-43.03
-42.3
-45.38
-23.67
44.4
42.68
-47.7
-27.31
21.97
27.57
9.45
-45.94
12.3
10.74
-27.87
18.61
-9.82
25.43
-8.63
5.9
22.73
-30.88
-19.16
16.99
42.87
29.26
-31.47
11.1
39.43
28.54
26.78
-49.0
12.22
-34.27
37.2
-4.4
35.98
21.8
45.19
38.3
3.38
13.52
-22.47
8.76
41.17
-46.57
46.34
6.54
2.9
-49.83
-46.45
-14.55
-2.41
36.53
-11.87
23.66
-49.05
-48.51
4.23
-39.14
21.12
-44.42
-9.05
19.74
34.79
37.42
6.4
